{
 "cells": [
  {
   "cell_type": "markdown",
   "metadata": {},
   "source": [
    "# Inferential Statistics"
   ]
  },
  {
   "cell_type": "code",
   "execution_count": 1,
   "metadata": {},
   "outputs": [],
   "source": [
    "import numpy as np\n",
    "import pandas as pd\n",
    "from matplotlib import pyplot as plt\n",
    "%matplotlib inline\n",
    "import seaborn as sns"
   ]
  },
  {
   "cell_type": "markdown",
   "metadata": {},
   "source": [
    "## Independent and Dependent Variables\n",
    "Dependent variable (feature): variables that represent the outcome of a study.  \n",
    "Independent variable (outcome): variables presumed to influence the value of the dependent variable(s).  \n",
    "Control variable: variables that might influence the dependent variable but are not the main focus of interest."
   ]
  },
  {
   "cell_type": "markdown",
   "metadata": {},
   "source": [
    "## Populations and Samples\n",
    "Population: all entities that the researcher would like to generalize the results of a study.  \n",
    "Sample: A subset of the population used in the study\n",
    "- Non-probability sampling: used for convenience in a study; prone to sampling bias if not controlled.\n",
    "    - Volunteer samples\n",
    "    - Convenience samples\n",
    "    - Quota samples\n",
    "- Probability sampling: every entity has a known probability to be selected for the sample.\n",
    "    - Simple random sampling\n",
    "    - Systematic sampling: using a procedure to build a sample from a known list of entities.\n",
    "    - Complex random sampling: imposing one or more layers on top of a simple random sample.\n",
    "    - Stratified random sampling: dividing the population into nonoverlapping groups or strata based on common characteristics.\n",
    "    - Cluster sampling: the population is sampled using preexisting groups."
   ]
  },
  {
   "cell_type": "markdown",
   "metadata": {},
   "source": [
    "## Statistical Bias\n",
    "Statistical bias is a feature of a statistical technique or of its results whereby the expected value of the results differs from the true underlying quantitative parameter being estimated. The bias of an estimator of a parameter should not be confused with its degree of precision as the degree of precision is a measure of the sampling error. Mathematically bias can be defined as:\n",
    "\n",
    "Let $T$ be a statistic used to estimate a parameter $\\theta$ . If $E⁡(T)=\\theta+\\text{bias}⁡(\\theta)$ then $bias(\\theta)$ is called the bias of the statistic $T$, where $E(T)$ represents the expected value of the statistics $T$. If $bias(\\theta)=0$, then $E(T)=\\theta$. So, $T$ is an unbiased estimator of the true parameter, say $\\theta$. \n",
    "\n",
    "### Types of Bias\n",
    "- Selection bias: the phenomenon of selecting individuals, groups or data for analysis in such a way that proper randomization is not achieved, ultimately resulting in a sample that is not representative of the population. \n",
    "    - Sampling bias: refers to a biased sample caused by non-random sampling.\n",
    "    - Time interval bias: bias caused by intentionally specifying a certain range of time to support the desired conclusion.\n",
    "    - Susceptibility bias: includes clinical susceptibility bias, protopathic bias, and indication bias, which all relate to the idea of potentially mixing up cause and effect and correlation.\n",
    "    - Confirmation bias: the tendency to favour information that confirms one’s beliefs.\n",
    "- Survivorship bias: The phenomenon where only those that ‘survived’ a long process are included or excluded in an analysis, thus creating a biased sample.\n",
    "- Omitted variable bias: bias that stems from the absence of relevant variables in a model. In machine learning, removing relevant and/or too many variables results in an underfit model.\n",
    "- Recall bias: bias where participants do not ‘recall’ previous events, memories, or details.\n",
    "- Observer bias: bias that stems from the subjective viewpoint of observers and how they assess subjective criteria or record subjective information.\n",
    "- Funding bias: the tendency to skew a study or the results of a study to support a financial sponsor."
   ]
  },
  {
   "cell_type": "markdown",
   "metadata": {},
   "source": [
    "## Hypothesis Testing\n",
    "### Hypotheses\n",
    "One-tailed hypothesis:\n",
    "\n",
    "$$\n",
    "    H_0: \\mu_1 \\leq \\mu_2 \\\\\n",
    "    H_A: \\mu_1 > \\mu_2\n",
    "$$\n",
    "\n",
    "Two-tailed hypothesis:\n",
    "\n",
    "$$\n",
    "    H_0: \\mu_1 = \\mu_2 \\\\\n",
    "    H_A: \\mu_1 \\neq \\mu_2\n",
    "$$\n",
    "\n",
    "Outcome of a study:\n",
    "- Reject the null hypothesis.\n",
    "- Fail to reject the null hypothesis.\n",
    "\n",
    "### Statistical Significance\n",
    "A result has statistical significance when it is very unlikely to have occurred given the null hypothesis. More precisely, a study's defined significance level, denoted by α, is the probability of the study rejecting the null hypothesis, given that the null hypothesis were assumed to be true;and the p-value of a result, p, is the probability of obtaining a result at least as extreme, given that the null hypothesis were true.\n",
    "\n",
    "### Controversies Regarding Hypothesis Testing\n",
    "Despite the ubiquity of hypothesis testing in modern statistical practice and the canonical place that the $\\alpha=0.05$ significance level has achieved, neither practice has gone unchallenged. One of the chief critics is Jacob Cohen, whose arguments are presented in, among other places, his 1994 article, “The Earth is round ($p<0.05$)”. There are valid criticisms of both hypothesis testing in general and the 0.05 value in particular, but neither seems likely to be going away any time soon. On the one hand, we need to establish some standard for statistical significance to minimize the possibility of attributing significance to differences due to sampling error or other chance factors. On the other hand, there’s nothing magical about the 0.05 level, even if it is sometimes treated as such. In addition, the significance level of results calculated on a sample is affected by many factors, including the size of the sample involved, and overemphasis on the p-value of a result ignores the many reasons a particular study may or may not have found significance. It’s a common saying among statisticians that if you have a large enough sample, even a tiny effect will be statistically significant. The take-home message is that statistical methods are powerful tools, but they don’t relieve researchers of the need to use their common sense as well.\n",
    "\n",
    "### Type I and Type II Errors\n",
    "<table>\n",
    "    <tr>\n",
    "        <td></td>\n",
    "        <td>$H_0$ true</td>\n",
    "        <td>$H_A$ true</td>\n",
    "   </tr>\n",
    "    <tr>\n",
    "        <td>Fail to reject $H_0$</td>\n",
    "        <td>Correct decision<br>$H_0$ true<br>$H_0$ not rejected</td>\n",
    "        <td>Type II error (β)</td>\n",
    "    </tr>\n",
    "    <tr>\n",
    "        <td>reject $H_0$</td>\n",
    "        <td>Type I error (α)</td>\n",
    "        <td>Correct decision<br>$H_0$ false<br>$H_0$ rejected</td>\n",
    "    </tr>\n",
    "</table>\n",
    "\n",
    "Power: the reciprocal of Type II error, $1-\\beta$  \n",
    "\n",
    "### Confidence Intervals\n",
    "Confidence intervals are based on the idea that if a study were repeated an infinite number of times, each time drawing a different sample of the same size from the same population, and a confidence interval based on each sample were constructed, x% of the time the confidence interval would contain the true parameter value that the study seeks to estimate, where x is the size of the confidence interval.\n",
    "\n",
    "Confidence Interval: interval between two values that represent the confidence bounds of a statistic.\n",
    "\n",
    "The confidence coefficient is ($1-\\alpha$).\n",
    "\n",
    "### p-values\n",
    "A p-value expresses the probability that results at least as extreme as those obtained in an analysis of sample data are due to chance. The phrase “at least as extreme” is included in the definition because many statistical tests involve comparing the test statistic to some hypothetical distribution, and often (as is the case with the normal distribution), scores closer to the center of the distribution are the most common, whereas scores further from the center of the distribution (the more extreme scores) are less likely. Even if a distribution is not symmetrical (as is the case with the chi-squared distribution, for instance), more extreme results are usually less probable results, so the principle of determining the probability of results at least as extreme as those found in a study remains useful.\n",
    "\n",
    "### The Z-statistic\n",
    "The Z-statistic is the probability of a particular sample mean. \n",
    "\n",
    "In this formula, is the mean of our sample,  \n",
    "μ is the population mean,  \n",
    "σ is the population standard deviation, and  \n",
    "n is the sample size.\n",
    "\n",
    "$$\n",
    "    Z=\\frac{\\bar{x}-\\mu}{\\frac{\\sigma}{\\sqrt{n}}}\n",
    "$$"
   ]
  },
  {
   "cell_type": "code",
   "execution_count": 3,
   "metadata": {},
   "outputs": [
    {
     "data": {
      "text/html": [
       "<div>\n",
       "<style scoped>\n",
       "    .dataframe tbody tr th:only-of-type {\n",
       "        vertical-align: middle;\n",
       "    }\n",
       "\n",
       "    .dataframe tbody tr th {\n",
       "        vertical-align: top;\n",
       "    }\n",
       "\n",
       "    .dataframe thead th {\n",
       "        text-align: right;\n",
       "    }\n",
       "</style>\n",
       "<table border=\"1\" class=\"dataframe\">\n",
       "  <thead>\n",
       "    <tr style=\"text-align: right;\">\n",
       "      <th></th>\n",
       "      <th>Australia</th>\n",
       "      <th>Canada</th>\n",
       "      <th>France</th>\n",
       "      <th>Germany</th>\n",
       "      <th>Italy</th>\n",
       "      <th>Japan</th>\n",
       "      <th>Mexico</th>\n",
       "      <th>South Korea</th>\n",
       "      <th>UK</th>\n",
       "      <th>USA</th>\n",
       "    </tr>\n",
       "    <tr>\n",
       "      <th>Year</th>\n",
       "      <th></th>\n",
       "      <th></th>\n",
       "      <th></th>\n",
       "      <th></th>\n",
       "      <th></th>\n",
       "      <th></th>\n",
       "      <th></th>\n",
       "      <th></th>\n",
       "      <th></th>\n",
       "      <th></th>\n",
       "    </tr>\n",
       "  </thead>\n",
       "  <tbody>\n",
       "    <tr>\n",
       "      <th>1990</th>\n",
       "      <td>NaN</td>\n",
       "      <td>1.87</td>\n",
       "      <td>3.63</td>\n",
       "      <td>2.65</td>\n",
       "      <td>4.59</td>\n",
       "      <td>3.16</td>\n",
       "      <td>1.00</td>\n",
       "      <td>2.05</td>\n",
       "      <td>2.82</td>\n",
       "      <td>1.16</td>\n",
       "    </tr>\n",
       "    <tr>\n",
       "      <th>1991</th>\n",
       "      <td>1.96</td>\n",
       "      <td>1.92</td>\n",
       "      <td>3.45</td>\n",
       "      <td>2.90</td>\n",
       "      <td>4.50</td>\n",
       "      <td>3.46</td>\n",
       "      <td>1.30</td>\n",
       "      <td>2.49</td>\n",
       "      <td>3.01</td>\n",
       "      <td>1.14</td>\n",
       "    </tr>\n",
       "    <tr>\n",
       "      <th>1992</th>\n",
       "      <td>1.89</td>\n",
       "      <td>1.73</td>\n",
       "      <td>3.56</td>\n",
       "      <td>3.27</td>\n",
       "      <td>4.53</td>\n",
       "      <td>3.58</td>\n",
       "      <td>1.50</td>\n",
       "      <td>2.65</td>\n",
       "      <td>3.06</td>\n",
       "      <td>1.13</td>\n",
       "    </tr>\n",
       "    <tr>\n",
       "      <th>1993</th>\n",
       "      <td>1.73</td>\n",
       "      <td>1.57</td>\n",
       "      <td>3.41</td>\n",
       "      <td>3.07</td>\n",
       "      <td>3.68</td>\n",
       "      <td>4.16</td>\n",
       "      <td>1.56</td>\n",
       "      <td>2.88</td>\n",
       "      <td>2.84</td>\n",
       "      <td>1.11</td>\n",
       "    </tr>\n",
       "    <tr>\n",
       "      <th>1994</th>\n",
       "      <td>1.84</td>\n",
       "      <td>1.45</td>\n",
       "      <td>3.59</td>\n",
       "      <td>3.52</td>\n",
       "      <td>3.70</td>\n",
       "      <td>4.36</td>\n",
       "      <td>1.48</td>\n",
       "      <td>2.87</td>\n",
       "      <td>2.99</td>\n",
       "      <td>1.11</td>\n",
       "    </tr>\n",
       "  </tbody>\n",
       "</table>\n",
       "</div>"
      ],
      "text/plain": [
       "      Australia  Canada  France  Germany  Italy  Japan  Mexico  South Korea  \\\n",
       "Year                                                                          \n",
       "1990        NaN    1.87    3.63     2.65   4.59   3.16    1.00         2.05   \n",
       "1991       1.96    1.92    3.45     2.90   4.50   3.46    1.30         2.49   \n",
       "1992       1.89    1.73    3.56     3.27   4.53   3.58    1.50         2.65   \n",
       "1993       1.73    1.57    3.41     3.07   3.68   4.16    1.56         2.88   \n",
       "1994       1.84    1.45    3.59     3.52   3.70   4.36    1.48         2.87   \n",
       "\n",
       "        UK   USA  \n",
       "Year              \n",
       "1990  2.82  1.16  \n",
       "1991  3.01  1.14  \n",
       "1992  3.06  1.13  \n",
       "1993  2.84  1.11  \n",
       "1994  2.99  1.11  "
      ]
     },
     "execution_count": 3,
     "metadata": {},
     "output_type": "execute_result"
    }
   ],
   "source": [
    "gas_prices = pd.read_csv('./data/gas_prices.csv', index_col='Year')\n",
    "gas_prices.head()"
   ]
  },
  {
   "cell_type": "markdown",
   "metadata": {},
   "source": [
    "## Variance, Covariance & Correlation\n",
    "### Variance\n",
    "Variance is a measurment of how far a single data point is from the mean and can be calculated as:\n",
    "\n",
    "$$\n",
    "    s^2 = \\frac{\\Sigma(x-\\bar{x})^2}{n-1}\n",
    "$$\n",
    "\n",
    "Where:\n",
    "- $s^2$ = variance\n",
    "- $x$ = data point\n",
    "- \\bar{x} = mean\n",
    "- $n$ = number of data points\n",
    "- We sum the difference of each data point from the mean, square the result and divide by degrees of freedom.  \n",
    "- We are subtracting one for degrees of freedom (to signify that if we randomly sample from all the numbers in our dataset, when we get down to the last number in the set, we are not actually able to select at random).\n",
    "\n",
    "Variance measures the overall spread of the data points in this feature from the mean, and can be more easily understood using the square root, standard deviation.\n",
    "- A constant random variable has a variance of 0\n",
    "- Non-negative (squares are positive)"
   ]
  },
  {
   "cell_type": "code",
   "execution_count": 11,
   "metadata": {},
   "outputs": [
    {
     "data": {
      "text/plain": [
       "Australia      0.715599\n",
       "Canada         0.618767\n",
       "France         1.363129\n",
       "Germany        2.032760\n",
       "Italy          1.314715\n",
       "Japan          0.485272\n",
       "Mexico         0.213581\n",
       "South Korea    1.503492\n",
       "UK             2.117520\n",
       "USA            0.440040\n",
       "dtype: float64"
      ]
     },
     "execution_count": 11,
     "metadata": {},
     "output_type": "execute_result"
    }
   ],
   "source": [
    "gas_prices.var()"
   ]
  },
  {
   "cell_type": "markdown",
   "metadata": {},
   "source": [
    "### Covariance\n",
    "Covariance measures the degree of change (variance) between two the variables; if one variable changes, will there be a similar change in the other variable? We can calculate covariance as:\n",
    "\n",
    "$$\n",
    "    Cov(X,Y) = \\frac{\\Sigma(X_i-\\bar{X})(Y_j-\\bar{Y})}{n}\n",
    "$$\n",
    "\n",
    "- Because covariance is in the original units of the variables, variables on scales with bigger numbers, and with wider distributions, will necessarily have bigger covariances.\n",
    "- Covariance is not bounded between any particular range.\n",
    "- A covariance of 0 means there is no relationship, and a larger number indicates a relationship.\n",
    "- Since there is no bounding, the strength of the relationship needs to be measured against the scale of the feature.\n",
    "- If the covariance is positive, the variables increase in the same direction, and if the covariance is negative, the variables change in opposite directions."
   ]
  },
  {
   "cell_type": "code",
   "execution_count": 10,
   "metadata": {},
   "outputs": [
    {
     "data": {
      "text/html": [
       "<div>\n",
       "<style scoped>\n",
       "    .dataframe tbody tr th:only-of-type {\n",
       "        vertical-align: middle;\n",
       "    }\n",
       "\n",
       "    .dataframe tbody tr th {\n",
       "        vertical-align: top;\n",
       "    }\n",
       "\n",
       "    .dataframe thead th {\n",
       "        text-align: right;\n",
       "    }\n",
       "</style>\n",
       "<table border=\"1\" class=\"dataframe\">\n",
       "  <thead>\n",
       "    <tr style=\"text-align: right;\">\n",
       "      <th></th>\n",
       "      <th>Australia</th>\n",
       "      <th>Canada</th>\n",
       "      <th>France</th>\n",
       "      <th>Germany</th>\n",
       "      <th>Italy</th>\n",
       "      <th>Japan</th>\n",
       "      <th>Mexico</th>\n",
       "      <th>South Korea</th>\n",
       "      <th>UK</th>\n",
       "      <th>USA</th>\n",
       "    </tr>\n",
       "  </thead>\n",
       "  <tbody>\n",
       "    <tr>\n",
       "      <th>Australia</th>\n",
       "      <td>0.715599</td>\n",
       "      <td>0.672858</td>\n",
       "      <td>0.983160</td>\n",
       "      <td>1.167291</td>\n",
       "      <td>0.980916</td>\n",
       "      <td>0.466250</td>\n",
       "      <td>0.239000</td>\n",
       "      <td>0.883624</td>\n",
       "      <td>1.107300</td>\n",
       "      <td>0.556460</td>\n",
       "    </tr>\n",
       "    <tr>\n",
       "      <th>Canada</th>\n",
       "      <td>0.672858</td>\n",
       "      <td>0.618767</td>\n",
       "      <td>0.868687</td>\n",
       "      <td>1.048705</td>\n",
       "      <td>0.875058</td>\n",
       "      <td>0.407368</td>\n",
       "      <td>0.251283</td>\n",
       "      <td>0.835042</td>\n",
       "      <td>1.034998</td>\n",
       "      <td>0.512979</td>\n",
       "    </tr>\n",
       "    <tr>\n",
       "      <th>France</th>\n",
       "      <td>0.983160</td>\n",
       "      <td>0.868687</td>\n",
       "      <td>1.363129</td>\n",
       "      <td>1.634516</td>\n",
       "      <td>1.273691</td>\n",
       "      <td>0.629907</td>\n",
       "      <td>0.337526</td>\n",
       "      <td>1.245513</td>\n",
       "      <td>1.551506</td>\n",
       "      <td>0.742010</td>\n",
       "    </tr>\n",
       "    <tr>\n",
       "      <th>Germany</th>\n",
       "      <td>1.167291</td>\n",
       "      <td>1.048705</td>\n",
       "      <td>1.634516</td>\n",
       "      <td>2.032760</td>\n",
       "      <td>1.504682</td>\n",
       "      <td>0.772242</td>\n",
       "      <td>0.475259</td>\n",
       "      <td>1.597799</td>\n",
       "      <td>1.944254</td>\n",
       "      <td>0.912878</td>\n",
       "    </tr>\n",
       "    <tr>\n",
       "      <th>Italy</th>\n",
       "      <td>0.980916</td>\n",
       "      <td>0.875058</td>\n",
       "      <td>1.273691</td>\n",
       "      <td>1.504682</td>\n",
       "      <td>1.314715</td>\n",
       "      <td>0.584363</td>\n",
       "      <td>0.289979</td>\n",
       "      <td>1.092215</td>\n",
       "      <td>1.408134</td>\n",
       "      <td>0.709354</td>\n",
       "    </tr>\n",
       "    <tr>\n",
       "      <th>Japan</th>\n",
       "      <td>0.466250</td>\n",
       "      <td>0.407368</td>\n",
       "      <td>0.629907</td>\n",
       "      <td>0.772242</td>\n",
       "      <td>0.584363</td>\n",
       "      <td>0.485272</td>\n",
       "      <td>0.126094</td>\n",
       "      <td>0.509063</td>\n",
       "      <td>0.593482</td>\n",
       "      <td>0.343154</td>\n",
       "    </tr>\n",
       "    <tr>\n",
       "      <th>Mexico</th>\n",
       "      <td>0.239000</td>\n",
       "      <td>0.251283</td>\n",
       "      <td>0.337526</td>\n",
       "      <td>0.475259</td>\n",
       "      <td>0.289979</td>\n",
       "      <td>0.126094</td>\n",
       "      <td>0.213581</td>\n",
       "      <td>0.502229</td>\n",
       "      <td>0.572540</td>\n",
       "      <td>0.238241</td>\n",
       "    </tr>\n",
       "    <tr>\n",
       "      <th>South Korea</th>\n",
       "      <td>0.883624</td>\n",
       "      <td>0.835042</td>\n",
       "      <td>1.245513</td>\n",
       "      <td>1.597799</td>\n",
       "      <td>1.092215</td>\n",
       "      <td>0.509063</td>\n",
       "      <td>0.502229</td>\n",
       "      <td>1.503492</td>\n",
       "      <td>1.736362</td>\n",
       "      <td>0.755354</td>\n",
       "    </tr>\n",
       "    <tr>\n",
       "      <th>UK</th>\n",
       "      <td>1.107300</td>\n",
       "      <td>1.034998</td>\n",
       "      <td>1.551506</td>\n",
       "      <td>1.944254</td>\n",
       "      <td>1.408134</td>\n",
       "      <td>0.593482</td>\n",
       "      <td>0.572540</td>\n",
       "      <td>1.736362</td>\n",
       "      <td>2.117520</td>\n",
       "      <td>0.919327</td>\n",
       "    </tr>\n",
       "    <tr>\n",
       "      <th>USA</th>\n",
       "      <td>0.556460</td>\n",
       "      <td>0.512979</td>\n",
       "      <td>0.742010</td>\n",
       "      <td>0.912878</td>\n",
       "      <td>0.709354</td>\n",
       "      <td>0.343154</td>\n",
       "      <td>0.238241</td>\n",
       "      <td>0.755354</td>\n",
       "      <td>0.919327</td>\n",
       "      <td>0.440040</td>\n",
       "    </tr>\n",
       "  </tbody>\n",
       "</table>\n",
       "</div>"
      ],
      "text/plain": [
       "             Australia    Canada    France   Germany     Italy     Japan  \\\n",
       "Australia     0.715599  0.672858  0.983160  1.167291  0.980916  0.466250   \n",
       "Canada        0.672858  0.618767  0.868687  1.048705  0.875058  0.407368   \n",
       "France        0.983160  0.868687  1.363129  1.634516  1.273691  0.629907   \n",
       "Germany       1.167291  1.048705  1.634516  2.032760  1.504682  0.772242   \n",
       "Italy         0.980916  0.875058  1.273691  1.504682  1.314715  0.584363   \n",
       "Japan         0.466250  0.407368  0.629907  0.772242  0.584363  0.485272   \n",
       "Mexico        0.239000  0.251283  0.337526  0.475259  0.289979  0.126094   \n",
       "South Korea   0.883624  0.835042  1.245513  1.597799  1.092215  0.509063   \n",
       "UK            1.107300  1.034998  1.551506  1.944254  1.408134  0.593482   \n",
       "USA           0.556460  0.512979  0.742010  0.912878  0.709354  0.343154   \n",
       "\n",
       "               Mexico  South Korea        UK       USA  \n",
       "Australia    0.239000     0.883624  1.107300  0.556460  \n",
       "Canada       0.251283     0.835042  1.034998  0.512979  \n",
       "France       0.337526     1.245513  1.551506  0.742010  \n",
       "Germany      0.475259     1.597799  1.944254  0.912878  \n",
       "Italy        0.289979     1.092215  1.408134  0.709354  \n",
       "Japan        0.126094     0.509063  0.593482  0.343154  \n",
       "Mexico       0.213581     0.502229  0.572540  0.238241  \n",
       "South Korea  0.502229     1.503492  1.736362  0.755354  \n",
       "UK           0.572540     1.736362  2.117520  0.919327  \n",
       "USA          0.238241     0.755354  0.919327  0.440040  "
      ]
     },
     "execution_count": 10,
     "metadata": {},
     "output_type": "execute_result"
    }
   ],
   "source": [
    "gas_prices.cov()"
   ]
  },
  {
   "cell_type": "markdown",
   "metadata": {},
   "source": [
    "### Correlation\n",
    "Correlation measures a linear relationship between two features, most commonly using Pearson's Correlation Coefficient as the test metric. We can calculate correlation as:\n",
    "\n",
    "$$\n",
    "    r_{xy} = \\frac{\\Sigma(x_i-\\bar{x})(y_i-\\bar{y})}{\\sqrt{\\Sigma(x_i-\\bar{x})^2\\Sigma(y_i-\\bar{y})^2}}\n",
    "$$\n",
    "\n",
    "Dividing the standard deviation standardizes the results to $-1 \\leq r_{xy} \\leq 1$, with:\n",
    "\n",
    "- -1, is a perfect strong negative relationship when one feature goes up, the other goes down.\n",
    "- +1, is a perfect strong positive relationship between features, when one goes up, the other goes up.\n",
    "- 0, as with covariance, means there is no relationship.\n",
    "- If the features have been normalized, covariance and correlation are equal.\n",
    "\n",
    "Correlation can also be written as ($SS$ stands for Sum of Squares):\n",
    "\n",
    "$$\n",
    "    r = \\frac{SS_{xy}}{\\sqrt{SS_{xx}SS_{yy}}} \\\\\n",
    "    SS_{xx} = \\sum_{i=1}^{n}(x_i-\\bar{x})^2 \\\\\n",
    "    SS_{yy} = \\sum_{i=1}^{n}(y_i-\\bar{y})^2 \\\\\n",
    "    SS_{xy} = \\sum_{i=1}^{n}(x_i-\\bar{x})(y_i-\\bar{y})\n",
    "$$"
   ]
  },
  {
   "cell_type": "markdown",
   "metadata": {},
   "source": [
    "### Correlation Matrix"
   ]
  },
  {
   "cell_type": "code",
   "execution_count": 4,
   "metadata": {},
   "outputs": [
    {
     "data": {
      "text/html": [
       "<div>\n",
       "<style scoped>\n",
       "    .dataframe tbody tr th:only-of-type {\n",
       "        vertical-align: middle;\n",
       "    }\n",
       "\n",
       "    .dataframe tbody tr th {\n",
       "        vertical-align: top;\n",
       "    }\n",
       "\n",
       "    .dataframe thead th {\n",
       "        text-align: right;\n",
       "    }\n",
       "</style>\n",
       "<table border=\"1\" class=\"dataframe\">\n",
       "  <thead>\n",
       "    <tr style=\"text-align: right;\">\n",
       "      <th></th>\n",
       "      <th>Australia</th>\n",
       "      <th>Canada</th>\n",
       "      <th>France</th>\n",
       "      <th>Germany</th>\n",
       "      <th>Italy</th>\n",
       "      <th>Japan</th>\n",
       "      <th>Mexico</th>\n",
       "      <th>South Korea</th>\n",
       "      <th>UK</th>\n",
       "      <th>USA</th>\n",
       "    </tr>\n",
       "  </thead>\n",
       "  <tbody>\n",
       "    <tr>\n",
       "      <th>Australia</th>\n",
       "      <td>1.000000</td>\n",
       "      <td>0.984879</td>\n",
       "      <td>0.980250</td>\n",
       "      <td>0.976130</td>\n",
       "      <td>0.982878</td>\n",
       "      <td>0.790025</td>\n",
       "      <td>0.651233</td>\n",
       "      <td>0.884736</td>\n",
       "      <td>0.905756</td>\n",
       "      <td>0.975917</td>\n",
       "    </tr>\n",
       "    <tr>\n",
       "      <th>Canada</th>\n",
       "      <td>0.984879</td>\n",
       "      <td>1.000000</td>\n",
       "      <td>0.945870</td>\n",
       "      <td>0.935075</td>\n",
       "      <td>0.970192</td>\n",
       "      <td>0.743415</td>\n",
       "      <td>0.691224</td>\n",
       "      <td>0.865753</td>\n",
       "      <td>0.904195</td>\n",
       "      <td>0.983083</td>\n",
       "    </tr>\n",
       "    <tr>\n",
       "      <th>France</th>\n",
       "      <td>0.980250</td>\n",
       "      <td>0.945870</td>\n",
       "      <td>1.000000</td>\n",
       "      <td>0.981924</td>\n",
       "      <td>0.951436</td>\n",
       "      <td>0.774489</td>\n",
       "      <td>0.625543</td>\n",
       "      <td>0.870020</td>\n",
       "      <td>0.913211</td>\n",
       "      <td>0.958066</td>\n",
       "    </tr>\n",
       "    <tr>\n",
       "      <th>Germany</th>\n",
       "      <td>0.976130</td>\n",
       "      <td>0.935075</td>\n",
       "      <td>0.981924</td>\n",
       "      <td>1.000000</td>\n",
       "      <td>0.920420</td>\n",
       "      <td>0.777531</td>\n",
       "      <td>0.721284</td>\n",
       "      <td>0.913963</td>\n",
       "      <td>0.937122</td>\n",
       "      <td>0.965215</td>\n",
       "    </tr>\n",
       "    <tr>\n",
       "      <th>Italy</th>\n",
       "      <td>0.982878</td>\n",
       "      <td>0.970192</td>\n",
       "      <td>0.951436</td>\n",
       "      <td>0.920420</td>\n",
       "      <td>1.000000</td>\n",
       "      <td>0.731602</td>\n",
       "      <td>0.547230</td>\n",
       "      <td>0.776858</td>\n",
       "      <td>0.843946</td>\n",
       "      <td>0.932612</td>\n",
       "    </tr>\n",
       "    <tr>\n",
       "      <th>Japan</th>\n",
       "      <td>0.790025</td>\n",
       "      <td>0.743415</td>\n",
       "      <td>0.774489</td>\n",
       "      <td>0.777531</td>\n",
       "      <td>0.731602</td>\n",
       "      <td>1.000000</td>\n",
       "      <td>0.391669</td>\n",
       "      <td>0.595976</td>\n",
       "      <td>0.585465</td>\n",
       "      <td>0.742593</td>\n",
       "    </tr>\n",
       "    <tr>\n",
       "      <th>Mexico</th>\n",
       "      <td>0.651233</td>\n",
       "      <td>0.691224</td>\n",
       "      <td>0.625543</td>\n",
       "      <td>0.721284</td>\n",
       "      <td>0.547230</td>\n",
       "      <td>0.391669</td>\n",
       "      <td>1.000000</td>\n",
       "      <td>0.886279</td>\n",
       "      <td>0.851356</td>\n",
       "      <td>0.777122</td>\n",
       "    </tr>\n",
       "    <tr>\n",
       "      <th>South Korea</th>\n",
       "      <td>0.884736</td>\n",
       "      <td>0.865753</td>\n",
       "      <td>0.870020</td>\n",
       "      <td>0.913963</td>\n",
       "      <td>0.776858</td>\n",
       "      <td>0.595976</td>\n",
       "      <td>0.886279</td>\n",
       "      <td>1.000000</td>\n",
       "      <td>0.973141</td>\n",
       "      <td>0.928654</td>\n",
       "    </tr>\n",
       "    <tr>\n",
       "      <th>UK</th>\n",
       "      <td>0.905756</td>\n",
       "      <td>0.904195</td>\n",
       "      <td>0.913211</td>\n",
       "      <td>0.937122</td>\n",
       "      <td>0.843946</td>\n",
       "      <td>0.585465</td>\n",
       "      <td>0.851356</td>\n",
       "      <td>0.973141</td>\n",
       "      <td>1.000000</td>\n",
       "      <td>0.952380</td>\n",
       "    </tr>\n",
       "    <tr>\n",
       "      <th>USA</th>\n",
       "      <td>0.975917</td>\n",
       "      <td>0.983083</td>\n",
       "      <td>0.958066</td>\n",
       "      <td>0.965215</td>\n",
       "      <td>0.932612</td>\n",
       "      <td>0.742593</td>\n",
       "      <td>0.777122</td>\n",
       "      <td>0.928654</td>\n",
       "      <td>0.952380</td>\n",
       "      <td>1.000000</td>\n",
       "    </tr>\n",
       "  </tbody>\n",
       "</table>\n",
       "</div>"
      ],
      "text/plain": [
       "             Australia    Canada    France   Germany     Italy     Japan  \\\n",
       "Australia     1.000000  0.984879  0.980250  0.976130  0.982878  0.790025   \n",
       "Canada        0.984879  1.000000  0.945870  0.935075  0.970192  0.743415   \n",
       "France        0.980250  0.945870  1.000000  0.981924  0.951436  0.774489   \n",
       "Germany       0.976130  0.935075  0.981924  1.000000  0.920420  0.777531   \n",
       "Italy         0.982878  0.970192  0.951436  0.920420  1.000000  0.731602   \n",
       "Japan         0.790025  0.743415  0.774489  0.777531  0.731602  1.000000   \n",
       "Mexico        0.651233  0.691224  0.625543  0.721284  0.547230  0.391669   \n",
       "South Korea   0.884736  0.865753  0.870020  0.913963  0.776858  0.595976   \n",
       "UK            0.905756  0.904195  0.913211  0.937122  0.843946  0.585465   \n",
       "USA           0.975917  0.983083  0.958066  0.965215  0.932612  0.742593   \n",
       "\n",
       "               Mexico  South Korea        UK       USA  \n",
       "Australia    0.651233     0.884736  0.905756  0.975917  \n",
       "Canada       0.691224     0.865753  0.904195  0.983083  \n",
       "France       0.625543     0.870020  0.913211  0.958066  \n",
       "Germany      0.721284     0.913963  0.937122  0.965215  \n",
       "Italy        0.547230     0.776858  0.843946  0.932612  \n",
       "Japan        0.391669     0.595976  0.585465  0.742593  \n",
       "Mexico       1.000000     0.886279  0.851356  0.777122  \n",
       "South Korea  0.886279     1.000000  0.973141  0.928654  \n",
       "UK           0.851356     0.973141  1.000000  0.952380  \n",
       "USA          0.777122     0.928654  0.952380  1.000000  "
      ]
     },
     "execution_count": 4,
     "metadata": {},
     "output_type": "execute_result"
    }
   ],
   "source": [
    "gas_prices.corr()"
   ]
  },
  {
   "cell_type": "markdown",
   "metadata": {},
   "source": [
    "### Correlation Heatmap"
   ]
  },
  {
   "cell_type": "code",
   "execution_count": 8,
   "metadata": {},
   "outputs": [
    {
     "data": {
